Step 0 of 15 - This is the non-rotated graph 
0,1,4
1,0,2
2,1,3
3,2,4,5
4,0,3
5,3,6
6,5,7,10
7,6,8
8,7,9,11
9,8,10
10,6,9
11,8,12
12,11,13,14
13,12,14
14,12,13
Step 1
1,2,5
2,1,3
3,2,4
4,3,5,6
5,1,4
6,4,7
7,6,8,11
8,7,9
9,8,10,12
10,9,11
11,7,10
12,9,13
13,12,14,0
14,13,0
0,13,14
Step 2
2,3,6
3,2,4
4,3,5
5,4,6,7
6,2,5
7,5,8
8,7,9,12
9,8,10
10,9,11,13
11,10,12
12,8,11
13,10,14
14,13,0,1
0,14,1
1,14,0
Step 3
3,4,7
4,3,5
5,4,6
6,5,7,8
7,3,6
8,6,9
9,8,10,13
10,9,11
11,10,12,14
12,11,13
13,9,12
14,11,0
0,14,1,2
1,0,2
2,0,1
Step 4
4,5,8
5,4,6
6,5,7
7,6,8,9
8,4,7
9,7,10
10,9,11,14
11,10,12
12,11,13,0
13,12,14
14,10,13
0,12,1
1,0,2,3
2,1,3
3,1,2
Step 5
5,6,9
6,5,7
7,6,8
8,7,9,10
9,5,8
10,8,11
11,10,12,0
12,11,13
13,12,14,1
14,13,0
0,11,14
1,13,2
2,1,3,4
3,2,4
4,2,3
Step 6
6,7,10
7,6,8
8,7,9
9,8,10,11
10,6,9
11,9,12
12,11,13,1
13,12,14
14,13,0,2
0,14,1
1,12,0
2,14,3
3,2,4,5
4,3,5
5,3,4
Step 7
7,8,11
8,7,9
9,8,10
10,9,11,12
11,7,10
12,10,13
13,12,14,2
14,13,0
0,14,1,3
1,0,2
2,13,1
3,0,4
4,3,5,6
5,4,6
6,4,5
Step 8
8,9,12
9,8,10
10,9,11
11,10,12,13
12,8,11
13,11,14
14,13,0,3
0,14,1
1,0,2,4
2,1,3
3,14,2
4,1,5
5,4,6,7
6,5,7
7,5,6
Step 9
9,10,13
10,9,11
11,10,12
12,11,13,14
13,9,12
14,12,0
0,14,1,4
1,0,2
2,1,3,5
3,2,4
4,0,3
5,2,6
6,5,7,8
7,6,8
8,6,7
Step 10
10,11,14
11,10,12
12,11,13
13,12,14,0
14,10,13
0,13,1
1,0,2,5
2,1,3
3,2,4,6
4,3,5
5,1,4
6,3,7
7,6,8,9
8,7,9
9,7,8
Step 11
11,12,0
12,11,13
13,12,14
14,13,0,1
0,11,14
1,14,2
2,1,3,6
3,2,4
4,3,5,7
5,4,6
6,2,5
7,4,8
8,7,9,10
9,8,10
10,8,9
Step 12
12,13,1
13,12,14
14,13,0
0,14,1,2
1,12,0
2,0,3
3,2,4,7
4,3,5
5,4,6,8
6,5,7
7,3,6
8,5,9
9,8,10,11
10,9,11
11,9,10
Step 13
13,14,2
14,13,0
0,14,1
1,0,2,3
2,13,1
3,1,4
4,3,5,8
5,4,6
6,5,7,9
7,6,8
8,4,7
9,6,10
10,9,11,12
11,10,12
12,10,11
Step 14
14,0,3
0,14,1
1,0,2
2,1,3,4
3,14,2
4,2,5
5,4,6,9
6,5,7
7,6,8,10
8,7,9
9,5,8
10,7,11
11,10,12,13
12,11,13
13,11,12
