Step 0 of 8 - This is the non-rotated graph 
0,1,3
1,0,2
2,1,3
3,2,0,4
4,3,5,7
5,4,6
6,5,7
7,6,4
Step 1
1,2,4
2,1,3
3,2,4
4,3,1,5
5,4,6,0
6,5,7
7,6,0
0,7,5
Step 2
2,3,5
3,2,4
4,3,5
5,4,2,6
6,5,7,1
7,6,0
0,7,1
1,0,6
Step 3
3,4,6
4,3,5
5,4,6
6,5,3,7
7,6,0,2
0,7,1
1,0,2
2,1,7
Step 4
4,5,7
5,4,6
6,5,7
7,6,4,0
0,7,1,3
1,0,2
2,1,3
3,2,0
Step 5
5,6,0
6,5,7
7,6,0
0,7,5,1
1,0,2,4
2,1,3
3,2,4
4,3,1
Step 6
6,7,1
7,6,0
0,7,1
1,0,6,2
2,1,3,5
3,2,4
4,3,5
5,4,2
Step 7
7,0,2
0,7,1
1,0,2
2,1,7,3
3,2,4,6
4,3,5
5,4,6
6,5,3
