Step 0 of 11 - This is the non-rotated graph 
0,1,4
1,0,2
2,1,3
3,2,4,5
4,0,3
5,3,6
6,5,7,10
7,6,8
8,7,9
9,8,10
10,6,9
Step 1
1,2,5
2,1,3
3,2,4
4,3,5,6
5,1,4
6,4,7
7,6,8,0
8,7,9
9,8,10
10,9,0
0,7,10
Step 2
2,3,6
3,2,4
4,3,5
5,4,6,7
6,2,5
7,5,8
8,7,9,1
9,8,10
10,9,0
0,10,1
1,8,0
Step 3
3,4,7
4,3,5
5,4,6
6,5,7,8
7,3,6
8,6,9
9,8,10,2
10,9,0
0,10,1
1,0,2
2,9,1
Step 4
4,5,8
5,4,6
6,5,7
7,6,8,9
8,4,7
9,7,10
10,9,0,3
0,10,1
1,0,2
2,1,3
3,10,2
Step 5
5,6,9
6,5,7
7,6,8
8,7,9,10
9,5,8
10,8,0
0,10,1,4
1,0,2
2,1,3
3,2,4
4,0,3
Step 6
6,7,10
7,6,8
8,7,9
9,8,10,0
10,6,9
0,9,1
1,0,2,5
2,1,3
3,2,4
4,3,5
5,1,4
Step 7
7,8,0
8,7,9
9,8,10
10,9,0,1
0,7,10
1,10,2
2,1,3,6
3,2,4
4,3,5
5,4,6
6,2,5
Step 8
8,9,1
9,8,10
10,9,0
0,10,1,2
1,8,0
2,0,3
3,2,4,7
4,3,5
5,4,6
6,5,7
7,3,6
Step 9
9,10,2
10,9,0
0,10,1
1,0,2,3
2,9,1
3,1,4
4,3,5,8
5,4,6
6,5,7
7,6,8
8,4,7
Step 10
10,0,3
0,10,1
1,0,2
2,1,3,4
3,10,2
4,2,5
5,4,6,9
6,5,7
7,6,8
8,7,9
9,5,8
