Step 0 of 9 - This is the non-rotated graph 
0,1,3
1,0,2
2,1,3
3,2,0,4
4,3,5
5,4,6,8
6,5,7
7,6,8
8,7,5
Step 1
1,2,4
2,1,3
3,2,4
4,3,1,5
5,4,6
6,5,7,0
7,6,8
8,7,0
0,8,6
Step 2
2,3,5
3,2,4
4,3,5
5,4,2,6
6,5,7
7,6,8,1
8,7,0
0,8,1
1,0,7
Step 3
3,4,6
4,3,5
5,4,6
6,5,3,7
7,6,8
8,7,0,2
0,8,1
1,0,2
2,1,8
Step 4
4,5,7
5,4,6
6,5,7
7,6,4,8
8,7,0
0,8,1,3
1,0,2
2,1,3
3,2,0
Step 5
5,6,8
6,5,7
7,6,8
8,7,5,0
0,8,1
1,0,2,4
2,1,3
3,2,4
4,3,1
Step 6
6,7,0
7,6,8
8,7,0
0,8,6,1
1,0,2
2,1,3,5
3,2,4
4,3,5
5,4,2
Step 7
7,8,1
8,7,0
0,8,1
1,0,7,2
2,1,3
3,2,4,6
4,3,5
5,4,6
6,5,3
Step 8
8,0,2
0,8,1
1,0,2
2,1,8,3
3,2,4
4,3,5,7
5,4,6
6,5,7
7,6,4
